MO DY AVG  NO  HI   YR  LO   YR AVG  NO  HI   YR  LO   YR   AVG  NO  HIGH   YR   AVG  NO  HIGH   YR   AVG  NO  HIGH   YR HDD   NO  CDD  NO
 1  1  33  24  47 1987  19 1973  -1  24  16 1968 -20 1973 0.019  35  0.19 1970  0.20  35   3.0 1949   6.5  22   19. 1949 49.2  24  0.0  24
 1  2  33  24  50 1987  18 1974  -1  24  17 1990 -23 1974 0.041  35  0.57 1955  0.64  35   7.0 1955   5.7  23   16. 1989 49.5  24  0.0  24
 1  3  32  24  44 1986  10 1974  -3  24  12 1965 -24 1974 0.018  35  0.33 1955  0.23  35   4.0 1955   5.8  22   15. 1973 50.5  24  0.0  24
 1  4  32  24  43 1967  10 1971  -3  24  24 1992 -27 1972 0.024  35  0.26 1957  0.40  34   4.5 1957   5.6  22   15. 1973 50.5  24  0.0  24
 1  5  33  24  45 1969   6 1971   2  24  19 1965 -28 1973 0.032  35  0.42 1974  0.53  35   5.0 1974   5.9  20   15. 1989 47.7  24  0.0  24
 1  6  34  24  51 1969   5 1971   5  24  20 1975 -34 1971 0.041  35  0.35 1967  0.71  35   7.0 1959   5.5  21   15. 1973 46.0  24  0.0  24
 1  7  36  24  60 1969  14 1971   4  24  22 1962 -22 1973 0.049  34  0.47 1975  0.74  34   6.0 1975   6.7  22   24. 1952 45.4  24  0.0  24
 1  8  35  24  53 1969  20 1964   3  24  35 1962 -18 1973 0.070  35  0.50 1985  0.94  35   7.0 1985   7.1  22   22. 1949 46.0  24  0.0  24
 1  9  35  24  53 1990  19 1964   3  24  24 1971 -20 1964 0.015  35  0.24 1950  0.26  35   6.0 1950   6.4  21   18. 1950 46.3  24  0.0  24
 1 10  36  24  49 1990  20 1962   6  24  24 1970  -8 1987 0.023  35  0.25 1970  0.32  34   2.0 1970   6.1  22   23. 1949 44.5  24  0.0  24
 1 11  35  24  50 1990  15 1963   6  24  22 1966 -10 1987 0.028  35  0.21 1958  0.61  36   4.0 1958   6.8  23   22. 1949 45.0  24  0.0  24
 1 12  35  24  51 1990  18 1963   6  24  29 1972 -24 1968 0.021  34  0.19 1972  0.29  35   3.0 1960   6.0  22   23. 1949 44.6  24  0.0  24
 1 13  34  23  47 1973  13 1963   3  23  28 1990 -29 1963 0.034  35  0.42 1957  0.37  35   5.0 1972   6.8  22   26. 1952 46.8  23  0.0  23
 1 14  35  24  46 1986  19 1964   6  24  32 1969 -19 1964 0.083  35  0.72 1969  0.82  36   6.0 1984   6.8  22   20. 1950 44.4  24  0.0  24
 1 15  36  24  49 1961  24 1984   6  24  28 1991 -16 1984 0.033  34  0.61 1991  0.50  34   9.0 1991   5.5  19   13. 1991 44.3  24  0.0  24
 1 16  35  24  49 1961   8 1984   5  24  28 1971 -27 1984 0.049  35  0.61 1956  0.41  35   8.0 1955   6.0  22   25. 1952 45.4  24  0.0  24
 1 17  36  24  54 1971   6 1984   6  24  36 1971 -13 1968 0.063  35  0.78 1973  0.57  36   8.0 1973   5.4  20   16. 1973 43.7  24  0.0  24
 1 18  38  24  50 1986  12 1984   7  24  33 1971 -31 1984 0.045  35  0.53 1955  0.64  35   7.0 1955   7.3  22   29. 1952 42.9  24  0.0  24
 1 19  37  24  49 1985  14 1984   7  24  34 1971 -26 1963 0.080  35  0.95 1973  1.17  35  12.0 1962   6.1  21   26. 1973 43.2  24  0.0  24
 1 20  37  24  50 1971  15 1984   5  24  35 1969 -26 1984 0.035  35  0.53 1969  0.29  35   4.0 1962   6.2  21   26. 1973 44.4  24  0.0  24
 1 21  35  24  47 1972  16 1984   5  24  33 1969 -17 1984 0.072  35  0.47 1949  1.00  36   9.0 1949   8.4  23   28. 1952 45.5  24  0.0  24
 1 22  36  24  49 1972  22 1973   5  24  35 1972 -17 1988 0.049  35  0.62 1969  0.37  35   4.0 1951   7.3  21   32. 1949 45.0  24  0.0  24
 1 23  38  24  55 1970  17 1962   4  24  33 1970 -21 1962 0.037  35  0.41 1956  0.36  36   3.0 1957   5.9  20   26. 1973 44.2  24  0.0  24
 1 24  38  24  54 1971  15 1962   5  24  31 1970 -23 1962 0.083  35  0.95 1965  0.77  35  12.0 1950   8.3  23   27. 1952 44.1  24  0.0  24
 1 25  39  24  52 1975  21 1962   7  23  28 1984 -15 1989 0.189  34  1.93 1969  2.11  35  23.0 1967  10.1  25   30. 1967 41.8  23  0.0  23
 1 26  40  24  54 1987  23 1989   9  23  26 1969 -18 1989 0.036  35  0.29 1958  0.33  36   3.0 1974   8.1  22   26. 1967 40.4  23  0.0  23
 1 27  40  24  60 1987  30 1990   7  24  36 1968 -13 1991 0.029  35  0.32 1956  0.23  35   2.0 1990   8.1  23   24. 1973 42.1  24  0.0  24
 1 28  37  24  54 1987  25 1975   6  24  26 1969 -15 1973 0.043  35  0.32 1987  0.56  34   4.0 1959   8.0  20   24. 1973 43.6  24  0.0  24
 1 29  37  24  55 1971  26 1975   5  24  31 1963 -16 1991 0.009  35  0.17 1969  0.14  35   2.0 1969   7.7  20   24. 1973 44.5  24  0.0  24
 1 30  37  24  54 1971  22 1985   5  24  35 1965 -20 1991 0.020  35  0.22 1958  0.20  35   3.0 1958   6.9  20   24. 1973 44.0  24  0.0  24
 1 31  39  24  60 1971  13 1985   8  24  38 1963 -16 1972 0.042  35  0.75 1963  0.17  35   4.0 1990   7.1  20   24. 1973 41.8  24  0.0  24
 2  1  38  24  53 1992  10 1985   8  24  38 1963 -31 1985 0.028  35  0.31 1963  0.32  34   3.0 1990   8.4  19   30. 1949 42.3  24  0.0  24
 2  2  38  24  52 1992  22 1985   6  24  32 1963 -12 1985 0.067  35  0.87 1960  0.82  34  13.0 1960  10.7  19   30. 1949 43.4  24  0.0  24
 2  3  37  24  52 1963  22 1972   5  24  26 1986 -16 1969 0.027  35  0.50 1989  0.28  34   3.0 1949   9.4  18   32. 1949 44.1  24  0.0  24
 2  4  37  24  52 1963  18 1985   7  24  29 1970 -16 1988 0.039  35  0.38 1989  0.41  34   5.0 1949   9.1  19   35. 1949 43.1  24  0.0  24
 2  5  40  24  61 1963  18 1985   6  24  31 1963 -23 1985 0.034  35  0.45 1949  0.44  34   7.0 1949   9.6  20   40. 1949 42.6  24  0.0  24
 2  6  39  24  59 1963  11 1989   7  24  30 1969 -37 1989 0.093  35  1.00 1966  0.82  34  12.0 1966   7.8  20   25. 1973 42.5  24  0.0  24
 2  7  39  24  56 1987  19 1989  10  24  26 1962 -32 1989 0.037  35  0.64 1966  0.57  35  10.0 1990   8.3  17   23. 1973 40.6  24  0.0  24
 2  8  39  24  59 1963  28 1990   4  24  30 1992 -27 1989 0.023  35  0.33 1959  0.17  35   3.0 1959   8.0  20   23. 1973 43.6  24  0.0  24
 2  9  40  24  57 1970  25 1986  11  24  31 1962 -13 1974 0.068  35  0.52 1962  0.31  35   4.0 1985   8.9  21   23. 1973 39.8  24  0.0  24
 2 10  41  24  58 1970  24 1986  13  24  32 1962 -10 1974 0.042  35  0.48 1975  0.41  34   5.0 1973   8.5  20   28. 1973 38.2  24  0.0  24
 2 11  41  24  57 1970  20 1965  11  24  30 1992 -18 1966 0.065  35  0.68 1959  0.91  35  11.0 1959  10.5  21   41. 1949 39.0  24  0.0  24
 2 12  41  23  56 1971  23 1965  11  23  32 1970  -5 1984 0.035  35  0.55 1973  0.37  35   5.0 1973   8.5  20   40. 1973 39.2  23  0.0  23
 2 13  41  23  60 1987  25 1989  11  23  33 1970 -13 1965 0.111  35  0.85 1968  0.96  35   9.0 1968   8.6  20   40. 1973 38.8  23  0.0  23
 2 14  40  22  54 1971  23 1990  13  22  31 1967 -15 1989 0.056  35  0.93 1987  0.47  35   6.0 1987   8.9  19   40. 1973 39.1  22  0.0  22
 2 15  39  22  57 1961  19 1990   6  22  33 1986 -20 1973 0.027  35  0.24 1986  0.37  35   3.0 1988   9.8  21   40. 1973 42.8  22  0.0  22
 2 16  38  23  58 1970  27 1966  10  23  34 1986 -18 1966 0.053  35  0.42 1955  0.34  35   4.0 1969   9.3  23   40. 1973 41.0  23  0.0  23
 2 17  40  22  51 1986  32 1990  12  22  36 1986 -12 1988 0.045  35  0.62 1991  0.39  35   5.0 1991   8.0  22   40. 1973 39.3  22  0.0  22
 2 18  41  24  52 1985  31 1975  12  24  33 1986  -7 1969 0.075  35  0.90 1990  0.77  35  14.0 1990   7.5  22   40. 1973 38.8  24  0.0  24
 2 19  42  24  57 1972  27 1973  13  24  35 1968 -13 1973 0.053  35  0.50 1986  0.32  34   3.0 1971   7.7  18   37. 1973 38.0  24  0.0  24
 2 20  41  24  59 1972  28 1964  12  24  36 1986 -16 1973 0.044  35  0.33 1968  0.16  35   3.0 1974   7.3  18   35. 1973 38.8  24  0.0  24
 2 21  42  24  52 1992  29 1975  10  24  31 1963 -12 1974 0.025  35  0.34 1952  0.23  35   5.0 1952   8.3  21   33. 1973 39.2  24  0.0  24
 2 22  43  24  57 1991  27 1975  13  24  32 1968 -17 1975 0.029  35  0.36 1959  0.20  35   3.0 1959   5.8  20   31. 1973 37.3  24  0.0  24
 2 23  42  24  56 1986  28 1974  13  24  36 1986 -12 1984 0.016  35  0.12 1959  0.09  35   2.0 1974   5.7  22   31. 1973 37.5  24  0.0  24
 2 24  44  24  54 1988  28 1974  11  24  31 1968 -18 1974 0.051  35  0.66 1962  0.56  34   9.0 1962   7.2  20   31. 1973 38.0  24  0.0  24
 2 25  44  24  69 1986  25 1964  13  24  32 1989  -8 1974 0.056  35  0.58 1969  0.43  35   4.0 1971   6.5  21   29. 1973 36.7  24  0.0  24
 2 26  43  24  63 1986  24 1964  12  24  29 1967 -17 1964 0.036  35  0.35 1969  0.43  35   4.0 1969   6.1  24   29. 1973 38.2  24  0.0  24
 2 27  43  24  63 1986  15 1962  12  24  32 1968 -15 1962 0.037  35  0.53 1968  0.29  35   6.0 1951   6.1  23   27. 1973 37.8  24  0.0  24
 2 28  45  24  65 1972  26 1962  11  24  27 1970 -24 1962 0.015  35  0.47 1955  0.29  35   6.0 1955   5.6  22   26. 1973 36.9  24  0.0  24
 2 29  49   6  62 1992  36 1984  14   6  26 1972   0 1964 0.002   8  0.02 1964  0.00   9   0.0 1992   2.8   5   10. 1964 34.2   6  0.0   6
 3  1  46  24  66 1986  23 1971  15  24  33 1974 -13 1962 0.054  36  1.02 1952  0.70  33  11.0 1952   5.1  25   34. 1952 35.0  24  0.0  24
 3  2  46  24  63 1986  28 1965  19  24  33 1991 -11 1971 0.043  36  0.39 1966  0.39  33   4.0 1966   5.1  26   36. 1952 32.7  24  0.0  24
 3  3  44  24  64 1986  27 1966  16  24  41 1972  -6 1966 0.066  36  0.91 1957  0.28  32   4.0 1957   4.0  22   26. 1973 35.0  24  0.0  24
 3  4  43  24  65 1986  23 1966  14  24  33 1991  -9 1966 0.006  36  0.09 1961  0.03  33   1.0 1949   4.3  22   26. 1973 37.0  24  0.0  24
 3  5  46  24  65 1972  30 1971  13  24  35 1972 -12 1966 0.049  36  0.45 1990  0.18  33   3.0 1964   3.7  23   30. 1952 35.9  24  0.0  24
 3  6  46  24  69 1972  27 1964  16  24  32 1975   0 1971 0.036  36  0.39 1975  0.39  33   6.0 1961   4.2  26   32. 1952 34.5  24  0.0  24
 3  7  45  24  63 1986  29 1964  18  24  30 1968 -15 1964 0.048  36  0.59 1962  0.30  33   4.0 1962   2.8  25   14. 1969 33.7  24  0.0  24
 3  8  48  24  67 1972  25 1964  17  24  40 1986 -18 1964 0.020  36  0.39 1987  0.00  32   0.0 1992   2.1  22   14. 1969 33.1  24  0.0  24
 3  9  49  24  70 1972  32 1969  18  24  32 1968 -10 1969 0.052  36  0.69 1986  0.30  33   8.0 1988   2.3  22   14. 1969 31.3  24  0.0  24
 3 10  46  24  65 1972  30 1988  20  24  33 1989   0 1964 0.032  36  0.41 1952  0.36  33   4.0 1964   3.6  23   30. 1952 32.0  24  0.0  24
 3 11  46  24  67 1972  33 1962  20  24  31 1990 -12 1964 0.038  36  0.29 1985  0.18  33   4.0 1975   2.8  25   14. 1969 32.1  24  0.0  24
 3 12  47  24  68 1972  30 1988  20  24  32 1975  -6 1969 0.024  36  0.31 1954  0.25  32   4.0 1954   2.3  23   14. 1969 31.7  24  0.0  24
 3 13  47  24  68 1972  29 1962  17  24  37 1967  -7 1962 0.046  36  0.34 1960  0.44  33   4.0 1965   3.7  24   29. 1952 33.3  24  0.0  24
 3 14  48  24  65 1966  30 1964  18  24  32 1972 -10 1969 0.048  36  0.65 1984  0.27  33   4.0 1960   3.8  24   29. 1952 32.5  24  0.0  24
 3 15  49  24  64 1966  38 1990  20  24  33 1987  -7 1962 0.035  36  0.26 1990  0.33  33   3.0 1971   2.7  22   13. 1969 30.8  24  0.0  24
 3 16  50  22  67 1974  37 1988  19  22  36 1966   0 1964 0.046  35  0.53 1958  0.56  34   8.0 1958   3.4  24   31. 1952 30.5  22  0.0  22
 3 17  50  22  68 1972  40 1984  22  22  32 1974  10 1969 0.040  35  0.34 1970  0.33  33   3.0 1970   1.7  23   12. 1969 29.5  22  0.0  22
 3 18  50  22  68 1972  35 1965  21  22  33 1967   0 1965 0.050  35  0.65 1963  0.47  32  10.0 1963   3.3  24   33. 1952 30.1  22  0.0  22
 3 19  47  22  63 1975  30 1965  18  22  32 1989   3 1970 0.032  35  0.29 1952  0.28  32   6.0 1952   2.9  24   36. 1952 32.5  22  0.0  22
 3 20  51  22  64 1988  38 1964  18  21  32 1975   3 1964 0.016  35  0.36 1989  0.09  32   2.0 1953   1.1  23   10. 1969 30.8  21  0.0  21
 3 21  52  23  70 1972  40 1987  19  23  30 1962  10 1974 0.021  36  0.44 1954  0.24  33   6.0 1954   1.2  24   10. 1969 29.9  23  0.0  23
 3 22  53  23  67 1972  40 1969  21  23  32 1992  10 1969 0.039  36  0.31 1975  0.38  32   4.0 1975   1.2  24   10. 1969 28.0  23  0.0  23
 3 23  53  23  68 1986  33 1964  22  23  35 1971   6 1984 0.064  35  0.45 1952  0.39  33   7.0 1964   2.9  26   34. 1952 28.0  23  0.0  23
 3 24  53  23  66 1986  37 1965  21  23  33 1986   3 1964 0.057  36  0.66 1952  0.47  32   7.0 1952   3.1  25   39. 1952 27.9  23  0.0  23
 3 25  53  23  72 1971  35 1965  21  23  35 1989   7 1965 0.045  35  0.58 1985  0.34  32   4.0 1985   1.8  25   11. 1964 28.0  23  0.0  23
 3 26  52  23  69 1990  36 1985  23  23  34 1989  12 1969 0.036  35  0.29 1965  0.47  33   5.0 1985   1.5  24   12. 1964 28.0  23  0.0  23
 3 27  51  23  72 1986  21 1975  21  23  34 1974   5 1972 0.042  34  0.28 1961  0.21  33   3.0 1961   1.0  24   10. 1964 28.9  23  0.0  23
 3 28  50  23  76 1986  25 1975  21  23  37 1974   5 1975 0.043  35  0.36 1963  0.03  33   1.0 1965   0.8  22    8. 1964 29.5  23  0.0  23
 3 29  51  23  73 1986  32 1975  19  23  38 1989   3 1975 0.022  35  0.25 1967  0.09  34   1.0 1987   0.7  22    6. 1964 30.0  23  0.0  23
 3 30  53  23  71 1971  35 1988  20  23  34 1974   8 1967 0.027  35  0.33 1954  0.12  34   3.0 1954   2.5  27   34. 1952 28.7  23  0.0  23
 3 31  55  22  72 1966  37 1985  21  22  39 1986   9 1967 0.045  35  0.28 1959  0.18  33   5.0 1958   0.4  25    5. 1962 27.3  22  0.0  22
 4  1  54  24  70 1966  34 1975  25  24  38 1969  10 1987 0.074  36  0.45 1957  0.39  33   4.0 1984   1.0  27   18. 1973 25.8  24  0.0  24
 4  2  53  24  67 1990  35 1963  25  24  38 1989   8 1975 0.075  36  0.71 1974  0.33  33   4.0 1974   0.6  28   16. 1973 26.5  24  0.0  24
 4  3  54  23  71 1961  39 1974  23  23  33 1989  10 1973 0.023  36  0.42 1974  0.18  33   5.0 1974   0.5  28   14. 1973 26.7  23  0.0  23
 4  4  56  24  71 1992  45 1974  23  24  38 1961   7 1970 0.013  36  0.22 1974  0.09  33   3.0 1974   0.4  27   12. 1973 25.5  24  0.0  24
 4  5  58  24  75 1991  45 1968  24  24  38 1967  10 1966 0.023  36  0.32 1958  0.09  33   3.0 1958   0.4  27   10. 1973 24.4  24  0.0  24
 4  6  59  24  75 1991  41 1975  26  24  40 1991  14 1974 0.036  36  0.52 1968  0.09  33   2.0 1968   0.4  27    8. 1973 22.6  24  0.0  24
 4  7  57  24  75 1988  38 1968  26  24  36 1962  18 1992 0.033  36  0.26 1961  0.09  32   3.0 1961   0.2  26    6. 1973 23.6  24  0.0  24
 4  8  57  24  76 1985  43 1968  23  24  40 1989   8 1973 0.030  36  0.31 1962  0.06  33   1.0 1968   0.2  28    5. 1973 25.3  24  0.0  24
 4  9  59  24  74 1985  45 1975  24  24  35 1990  11 1991 0.016  36  0.22 1984  0.00  33   0.0 1992   0.1  28    2. 1973 23.8  24  0.0  24
 4 10  59  24  72 1988  40 1965  26  24  43 1992  10 1988 0.031  36  0.21 1974  0.15  33   2.0 1974   0.0  28    0. 1992 23.0  24  0.0  24
 4 11  58  24  74 1992  36 1991  25  24  40 1972  14 1988 0.058  36  0.48 1970  0.21  33   4.0 1991   0.4  29   10. 1952 23.8  24  0.0  24
 4 12  58  24  78 1988  42 1991  25  24  42 1992  12 1991 0.016  36  0.35 1974  0.09  33   3.0 1974   0.0  28    0. 1992 23.6  24  0.0  24
 4 13  59  24  76 1988  40 1991  24  24  34 1961  12 1987 0.023  36  0.28 1972  0.21  33   3.0 1972   0.0  28    1. 1972 23.5  24  0.0  24
 4 14  62  24  78 1988  45 1972  24  24  32 1992  10 1968 0.012  36  0.25 1952  0.06  33   2.0 1972   0.0  29    0. 1992 22.3  24  0.0  24
 4 15  63  24  78 1990  43 1970  25  24  36 1969  14 1961 0.020  36  0.32 1963  0.00  33   0.0 1992   0.0  29    0. 1992 21.1  24  0.0  24
 4 16  63  24  76 1990  44 1968  27  24  40 1986  17 1971 0.027  36  0.37 1963  0.24  33   8.0 1963   0.0  28    0. 1992 20.6  24  0.0  24
 4 17  60  23  73 1989  42 1986  28  22  37 1990  15 1967 0.028  36  0.29 1986  0.21  33   4.0 1975   0.0  29    0. 1992 21.5  22  0.0  22
 4 18  58  24  79 1962  38 1963  29  24  44 1961  20 1967 0.039  36  0.36 1956  0.03  32   1.0 1963   0.0  28    0. 1992 21.8  24  0.0  24
 4 19  57  24  80 1962  37 1973  27  24  39 1961  12 1966 0.054  36  0.39 1971  0.22  32   3.0 1972   0.1  28    1. 1971 23.5  24  0.0  24
 4 20  57  23  80 1989  42 1984  27  23  35 1974  -2 1966 0.083  35  0.45 1974  0.13  31   2.0 1967   0.0  27    0. 1991 23.3  23  0.0  23
 4 21  58  23  80 1969  40 1963  26  23  36 1973   0 1967 0.030  35  0.26 1973  0.10  31   2.0 1970   0.1  27    2. 1970 23.5  23  0.0  23
 4 22  59  23  80 1969  40 1970  26  23  41 1989  14 1967 0.042  35  0.51 1957  0.10  31   2.0 1957   0.0  27    0. 1991 22.9  23  0.0  23
 4 23  61  23  78 1987  47 1970  26  23  38 1973  13 1968 0.025  35  0.50 1960  0.05  32   1.5 1960   0.0  27    1. 1960 21.6  23  0.0  23
 4 24  59  23  76 1962  44 1961  25  23  35 1990  15 1961 0.054  35  0.51 1951  0.14  32   4.5 1964   0.0  26    0. 1991 23.3  23  0.0  23
 4 25  57  23  73 1974  42 1985  28  23  41 1990  19 1963 0.024  35  0.14 1986  0.10  31   2.0 1972   0.0  27    0. 1991 22.9  23  0.0  23
 4 26  54  23  76 1987  39 1991  27  23  39 1962  17 1988 0.055  35  0.36 1984  0.03  32   1.0 1964   0.0  28    0. 1991 25.2  23  0.0  23
 4 27  59  23  76 1987  40 1984  25  23  32 1970  14 1966 0.059  35  0.42 1959  0.22  32   3.0 1963   0.1  28    1. 1970 23.2  23  0.0  23
 4 28  61  23  78 1987  37 1970  25  23  41 1973  15 1968 0.031  35  0.29 1953  0.03  32   1.0 1970   0.0  28    0. 1991 22.4  23  0.0  23
 4 29  60  22  80 1987  40 1970  25  23  35 1973  16 1975 0.015  35  0.24 1951  0.06  32   2.0 1967   0.0  28    0. 1991 22.9  22  0.0  22
 4 30  64  24  86 1987  39 1967  24  23  36 1987  14 1962 0.041  36  0.89 1954  0.02  33   0.5 1954   0.0  29    0. 1991 21.3  23  0.0  23
 5  1  67  22  78 1966  46 1967  26  22  37 1969  12 1972 0.026  34  0.28 1988  0.09  32   1.0 1967   0.0  30    0. 1991 18.6  22  0.0  22
 5  2  66  21  80 1966  44 1964  27  21  40 1974  12 1967 0.028  34  0.70 1964  0.23  32   7.5 1964   0.0  30    0. 1991 18.7  21  0.0  21
 5  3  68  22  81 1966  44 1964  26  22  42 1986  16 1970 0.042  34  0.42 1959  0.03  32   1.0 1964   0.0  30    0. 1991 18.2  22  0.0  22
 5  4  68  22  82 1966  51 1991  27  22  34 1985  13 1967 0.025  34  0.45 1960  0.03  32   1.0 1950   0.0  30    0. 1991 17.9  22  0.0  22
 5  5  67  22  83 1966  48 1964  28  22  35 1985  16 1961 0.011  34  0.29 1965  0.16  32   3.0 1964   0.0  30    1. 1965 17.8  22  0.0  22
 5  6  67  22  83 1966  41 1965  30  22  40 1968  20 1961 0.021  34  0.42 1950  0.12  32   3.0 1950   0.0  30    1. 1950 16.6  22  0.0  22
 5  7  67  22  84 1989  44 1965  31  22  47 1990  15 1968 0.021  34  0.38 1972  0.00  32   0.0 1991   0.0  30    0. 1991 16.6  22  0.0  22
 5  8  67  22  82 1974  41 1965  30  22  50 1963  15 1984 0.022  34  0.26 1964  0.00  32   0.0 1991   0.0  30    0. 1991 16.8  22  0.0  22
 5  9  68  22  79 1989  51 1986  32  22  45 1991  21 1988 0.038  34  0.66 1966  0.03  32   1.0 1953   0.0  30    0. 1991 15.1  22  0.0  22
 5 10  68  22  81 1961  47 1991  31  22  38 1990  24 1988 0.079  34  0.85 1985  0.00  32   0.0 1991   0.0  30    0. 1991 15.9  22  0.0  22
 5 11  67  22  80 1987  48 1967  32  22  49 1962  23 1974 0.029  34  0.22 1987  0.00  32   0.0 1991   0.0  30    0. 1991 15.5  22  0.0  22
 5 12  68  22  83 1988  42 1967  30  22  40 1990  21 1964 0.045  34  0.72 1949  0.00  32   0.0 1991   0.0  30    0. 1991 16.4  22  0.0  22
 5 13  67  22  84 1984  48 1967  31  22  42 1965  22 1985 0.043  34  0.42 1965  0.00  32   0.0 1991   0.0  30    0. 1991 16.2  22  0.0  22
 5 14  68  22  81 1987  54 1967  30  22  47 1984  18 1970 0.019  34  0.29 1949  0.00  32   0.0 1991   0.0  30    0. 1991 16.1  22  0.0  22
 5 15  69  22  83 1972  51 1991  31  22  45 1987  22 1986 0.014  34  0.14 1957  0.00  32   0.0 1991   0.0  30    0. 1991 15.2  22  0.0  22
 5 16  71  22  84 1988  59 1962  30  22  43 1987  23 1974 0.024  34  0.42 1952  0.00  32   0.0 1991   0.0  30    0. 1991 14.6  22  0.0  22
 5 17  72  22  85 1970  46 1971  32  22  43 1987  25 1963 0.025  34  0.68 1949  0.00  32   0.0 1991   0.0  30    0. 1991 13.4  22  0.0  22
 5 18  72  21  84 1970  53 1971  31  21  41 1987  21 1986 0.029  34  0.26 1988  0.03  32   1.0 1960   0.0  30    1. 1960 13.7  21  0.0  21
 5 19  75  22  85 1970  60 1988  32  22  40 1990  18 1971 0.017  34  0.26 1957  0.00  32   0.1 1957   0.0  30    0. 1991 12.2  22  0.0  22
 5 20  73  22  83 1969  48 1974  31  22  46 1987  19 1989 0.063  34  0.66 1953  0.19  32   6.0 1974   0.0  30    0. 1991 13.5  22  0.0  22
 5 21  72  21  83 1964  49 1962  31  21  45 1965  22 1974 0.036  34  0.29 1954  0.00  32   0.0 1991   0.0  30    0. 1991 13.7  21  0.0  21
 5 22  72  22  84 1989  56 1986  32  22  43 1963  15 1989 0.025  34  0.29 1968  0.00  32   0.0 1991   0.0  30    0. 1991 13.5  22  0.0  22
 5 23  73  22  87 1984  56 1968  32  22  43 1963  23 1986 0.016  34  0.16 1957  0.00  32   0.0 1991   0.0  30    0. 1991 13.0  22  0.0  22
 5 24  74  22  86 1967  56 1968  33  22  42 1990  21 1966 0.043  34  0.72 1957  0.00  32   0.0 1991   0.0  30    0. 1991 11.9  22  0.0  22
 5 25  73  22  83 1988  55 1962  32  22  45 1964  22 1990 0.040  34  0.76 1967  0.00  32   0.0 1991   0.0  30    0. 1991 12.8  22  0.0  22
 5 26  74  22  86 1969  52 1973  33  22  41 1964  25 1989 0.032  34  0.25 1987  0.00  32   0.0 1991   0.0  30    0. 1991 12.0  22  0.0  22
 5 27  75  22  87 1974  59 1962  33  22  39 1964  25 1989 0.006  34  0.22 1962  0.00  32   0.0 1991   0.0  30    0. 1991 11.3  22  0.0  22
 5 28  75  22  84 1974  55 1962  34  22  48 1974  25 1973 0.032  34  0.65 1956  0.00  32   0.0 1991   0.0  30    0. 1991 10.8  22  0.0  22
 5 29  74  22  87 1984  59 1964  33  22  40 1990  25 1969 0.019  34  0.21 1962  0.00  32   0.0 1991   0.0  30    0. 1991 11.9  22  0.0  22
 5 30  72  22  84 1984  55 1988  33  22  48 1990  25 1989 0.049  34  0.45 1971  0.00  32   0.0 1991   0.0  30    0. 1991 12.5  22  0.0  22
 5 31  72  20  87 1984  52 1991  33  20  40 1991  26 1974 0.012  34  0.14 1971  0.00  32   0.0 1991   0.0  30    0. 1991 12.6  20  0.0  20
 6  1  73  21  83 1986  59 1990  33  22  47 1984  25 1989 0.051  34  0.42 1991  0.00  34   0.0 1991   0.0  34    0. 1991 12.5  21  0.0  21
 6  2  76  21  86 1986  60 1991  33  21  45 1964  26 1987 0.010  33  0.14 1973  0.00  34   0.0 1991   0.0  34    0. 1991 10.6  21  0.0  21
 6  3  77  21  88 1988  61 1973  35  21  47 1972  26 1966 0.039  33  0.47 1949  0.00  34   0.0 1991   0.0  34    0. 1991  9.2  21  0.0  21
 6  4  76  22  89 1988  62 1973  36  22  46 1972  25 1966 0.006  34  0.13 1967  0.00  34   0.0 1991   0.0  34    0. 1991  9.6  22  0.0  22
 6  5  75  22  85 1988  56 1963  34  22  42 1967  24 1966 0.066  34  0.78 1968  0.00  34   0.0 1991   0.0  34    0. 1991 10.3  22  0.0  22
 6  6  75  22  89 1969  53 1984  36  22  48 1972  26 1966 0.041  34  0.79 1984  0.00  34   0.0 1991   0.0  34    0. 1991  9.8  22  0.0  22
 6  7  75  22  92 1985  58 1984  37  22  54 1987  25 1962 0.050  34  0.75 1984  0.00  34   0.0 1991   0.0  34    0. 1991  9.2  22  0.0  22
 6  8  74  22  87 1973  54 1984  37  22  52 1972  24 1962 0.068  34  0.61 1972  0.00  34   0.0 1991   0.0  34    0. 1991  9.6  22  0.0  22
 6  9  76  22  88 1990  61 1970  36  22  47 1970  24 1974 0.027  34  0.41 1989  0.00  34   0.0 1991   0.0  34    0. 1991  9.2  22  0.0  22
 6 10  75  22  87 1973  57 1970  38  22  48 1989  28 1974 0.050  34  0.75 1970  0.00  34   0.0 1991   0.0  34    0. 1991  8.9  22  0.0  22
 6 11  77  22  86 1986  58 1970  37  22  50 1990  28 1984 0.035  34  0.70 1990  0.00  34   0.0 1991   0.0  34    0. 1991  8.5  22  0.0  22
 6 12  79  22  90 1974  60 1970  34  22  46 1990  21 1971 0.019  34  0.28 1990  0.00  34   0.0 1991   0.0  34    0. 1991  8.5  22  0.0  22
 6 13  78  22  94 1974  56 1967  36  22  48 1991  25 1966 0.027  34  0.31 1955  0.00  34   0.0 1991   0.0  34    0. 1991  8.3  22  0.0  22
 6 14  79  21  95 1974  56 1967  37  21  53 1991  25 1988 0.016  34  0.37 1973  0.00  34   0.0 1991   0.0  34    0. 1991  7.1  21  0.0  21
 6 15  79  22  95 1974  55 1973  37  22  48 1969  30 1991 0.026  34  0.28 1969  0.00  34   0.0 1991   0.0  34    0. 1991  7.2  22  0.3  22
 6 16  79  22  91 1988  64 1965  38  22  56 1989  30 1973 0.044  34  0.52 1969  0.00  34   0.0 1991   0.0  34    0. 1991  7.0  22  0.5  22
 6 17  81  22  90 1986  64 1969  38  22  51 1988  30 1989 0.019  34  0.42 1964  0.00  34   0.0 1991   0.0  34    0. 1991  6.4  22  0.2  22
 6 18  81  21  93 1989  56 1973  36  21  50 1963  29 1973 0.005  34  0.16 1963  0.00  34   0.0 1991   0.0  34    0. 1991  6.5  21  0.0  21
 6 19  83  22  93 1989  65 1964  37  22  45 1974  21 1973 0.004  34  0.08 1967  0.00  34   0.0 1991   0.0  34    0. 1991  5.5  22  0.2  22
 6 20  84  22  95 1968  65 1964  38  22  50 1967  25 1973 0.009  34  0.19 1967  0.00  34   0.0 1991   0.0  34    0. 1991  4.5  22  0.2  22
 6 21  84  22  95 1961  61 1964  38  22  48 1988  32 1991 0.017  34  0.25 1969  0.00  34   0.0 1991   0.0  34    0. 1991  4.7  22  0.2  22
 6 22  84  22  95 1988  63 1964  37  22  53 1962  23 1989 0.004  34  0.14 1964  0.00  34   0.0 1991   0.0  34    0. 1991  5.0  22  0.5  22
 6 23  85  22  94 1988  62 1989  38  22  48 1970  29 1991 0.003  34  0.09 1972  0.00  34   0.0 1991   0.0  34    0. 1991  4.3  22  0.7  22
 6 24  84  23  97 1988  56 1989  39  23  53 1961  31 1991 0.048  34  0.45 1969  0.00  34   0.0 1991   0.0  34    0. 1991  4.6  23  1.0  23
 6 25  83  23  95 1990  61 1969  37  23  52 1988  30 1963 0.069  34  0.85 1985  0.00  34   0.0 1991   0.0  34    0. 1991  5.4  23  0.6  23
 6 26  84  23  97 1970  64 1985  37  23  54 1988  30 1969 0.030  34  0.42 1988  0.00  34   0.0 1991   0.0  34    0. 1991  5.1  23  0.6  23
 6 27  86  23  96 1990  67 1965  39  23  53 1961  29 1989 0.020  34  0.29 1959  0.00  34   0.0 1991   0.0  34    0. 1991  3.7  23  1.0  23
 6 28  86  23  99 1990  74 1965  39  23  51 1962  29 1991 0.017  34  0.25 1962  0.00  34   0.0 1991   0.0  34    0. 1991  3.5  23  0.9  23
 6 29  86  23  98 1990  75 1971  41  23  55 1986  32 1969 0.030  34  0.74 1987  0.00  34   0.0 1991   0.0  34    0. 1991  3.0  23  1.1  23
 6 30  85  23  97 1990  75 1968  39  23  60 1990  22 1968 0.011  34  0.22 1987  0.00  34   0.0 1991   0.0  34    0. 1991  4.4  23  1.2  23
 7  1  87  23  95 1990  80 1970  38  22  62 1990  24 1968 0.000  35  0.00 1991  0.00  35   0.0 1991   0.0  35    0. 1991  3.4  22  1.0  22
 7  2  89  22  94 1990  84 1971  39  23  54 1985  29 1968 0.003  35  0.12 1949  0.00  35   0.0 1991   0.0  35    0. 1991  2.4  22  1.1  22
 7  3  88  23  99 1989  79 1961  39  22  53 1988  27 1968 0.007  35  0.21 1949  0.00  35   0.0 1991   0.0  35    0. 1991  2.7  22  1.1  22
 7  4  89  22  98 1985  69 1961  40  22  58 1988  26 1968 0.034  35  0.38 1954  0.00  35   0.0 1991   0.0  35    0. 1991  2.3  22  1.4  22
 7  5  89  23  99 1985  82 1961  39  23  50 1967  26 1968 0.020  35  0.47 1952  0.00  35   0.0 1991   0.0  35    0. 1991  2.4  23  1.1  23
 7  6  89  23 101 1985  75 1967  41  23  56 1974  24 1968 0.015  35  0.34 1970  0.00  35   0.0 1991   0.0  35    0. 1991  1.8  23  1.6  23
 7  7  88  23 100 1989  78 1967  42  23  54 1990  27 1968 0.021  35  0.33 1960  0.00  35   0.0 1991   0.0  35    0. 1991  1.7  23  1.4  23
 7  8  88  23  99 1989  78 1963  42  23  62 1991  32 1968 0.013  35  0.19 1991  0.00  35   0.0 1991   0.0  35    0. 1991  1.5  23  1.7  23
 7  9  88  23  95 1985  70 1970  42  23  55 1970  26 1968 0.027  35  0.42 1970  0.00  35   0.0 1991   0.0  35    0. 1991  1.8  23  1.8  23
 7 10  88  22  95 1985  81 1987  43  22  55 1991  32 1971 0.008  35  0.19 1953  0.00  35   0.0 1991   0.0  35    0. 1991  1.2  22  1.0  22
 7 11  88  23  94 1985  78 1987  42  23  62 1973  31 1971 0.035  35  0.33 1987  0.00  35   0.0 1991   0.0  35    0. 1991  1.7  23  1.6  23
 7 12  88  23  93 1990  77 1987  42  23  56 1966  31 1971 0.021  35  0.36 1984  0.00  35   0.0 1991   0.0  35    0. 1991  1.7  23  1.3  23
 7 13  89  23  95 1990  67 1962  42  23  54 1966  33 1971 0.002  35  0.04 1966  0.00  35   0.0 1991   0.0  35    0. 1991  1.4  23  1.5  23
 7 14  88  23  95 1971  77 1962  43  23  55 1967  32 1962 0.011  35  0.29 1967  0.00  35   0.0 1991   0.0  35    0. 1991  1.1  23  1.3  23
 7 15  89  23  95 1988  80 1962  44  23  56 1986  29 1962 0.015  35  0.45 1986  0.00  35   0.0 1991   0.0  35    0. 1991  1.0  23  2.2  23
 7 16  89  23  97 1971  82 1986  44  23  56 1974  35 1972 0.041  35  0.45 1951  0.00  35   0.0 1991   0.0  35    0. 1991  0.8  23  2.4  23
 7 17  89  23  95 1971  78 1967  44  23  56 1966  35 1984 0.059  35  0.59 1985  0.00  35   0.0 1991   0.0  35    0. 1991  0.9  23  2.0  23
 7 18  88  23  95 1960  75 1987  44  23  58 1966  33 1962 0.067  35  0.68 1965  0.00  35   0.0 1991   0.0  35    0. 1991  1.1  23  1.8  23
 7 19  87  23  99 1989  68 1973  46  23  59 1963  33 1962 0.039  35  0.47 1973  0.00  35   0.0 1991   0.0  35    0. 1991  1.4  23  2.5  23
 7 20  88  23  98 1989  72 1987  45  23  59 1984  33 1987 0.029  35  0.32 1987  0.00  35   0.0 1991   0.0  35    0. 1991  1.5  23  2.7  23
 7 21  87  23  96 1988  76 1985  44  23  58 1966  31 1968 0.027  35  0.19 1966  0.00  35   0.0 1991   0.0  35    0. 1991  1.2  23  1.6  23
 7 22  86  23  97 1988  74 1973  45  23  58 1984  32 1968 0.051  35  0.48 1970  0.00  35   0.0 1991   0.0  35    0. 1991  1.2  23  1.8  23
 7 23  87  23  96 1988  79 1986  47  23  60 1967  35 1972 0.043  35  0.45 1985  0.00  35   0.0 1991   0.0  35    0. 1991  0.7  23  2.5  23
 7 24  86  23  95 1969  77 1985  45  23  59 1974  33 1968 0.107  35  0.79 1966  0.00  35   0.0 1991   0.0  35    0. 1991  1.2  23  1.8  23
 7 25  87  23  95 1987  72 1965  44  23  56 1974  31 1964 0.057  35  1.04 1951  0.00  35   0.0 1991   0.0  35    0. 1991  1.6  23  2.0  23
 7 26  87  23  97 1960  81 1972  46  23  62 1974  32 1968 0.055  35  0.75 1962  0.00  35   0.0 1991   0.0  35    0. 1991  1.1  23  2.6  23
 7 27  88  23  95 1960  80 1962  44  23  59 1970  29 1968 0.021  35  0.29 1954  0.00  35   0.0 1991   0.0  35    0. 1991  1.7  23  2.2  23
 7 28  89  23  96 1989  80 1987  44  23  58 1974  32 1962 0.034  35  0.38 1985  0.00  35   0.0 1991   0.0  35    0. 1991  1.1  23  2.2  23
 7 29  89  23  95 1989  77 1985  44  23  51 1965  35 1963 0.027  35  0.45 1968  0.00  35   0.0 1991   0.0  35    0. 1991  1.1  23  2.2  23
 7 30  89  23  96 1972  80 1973  46  23  58 1961  36 1963 0.031  35  0.33 1988  0.00  35   0.0 1991   0.0  35    0. 1991  0.7  23  2.6  23
 7 31  89  23  98 1989  81 1968  46  23  56 1970  34 1963 0.043  35  0.71 1952  0.00  35   0.0 1991   0.0  35    0. 1991  0.7  23  2.6  23
 8  1  88  22  96 1969  83 1984  47  21  58 1991  37 1962 0.012  34  0.18 1953  0.00  34   0.0 1991   0.0  34    0. 1991  0.2  21  2.8  21
 8  2  88  22  95 1987  80 1972  46  21  58 1970  35 1962 0.055  34  0.58 1961  0.00  34   0.0 1991   0.0  34    0. 1991  0.6  21  2.5  21
 8  3  88  22  95 1986  82 1963  47  21  58 1970  38 1972 0.042  34  0.38 1966  0.00  34   0.0 1991   0.0  34    0. 1991  0.5  21  2.8  21
 8  4  87  22  93 1969  80 1963  45  21  62 1974  37 1990 0.038  34  0.63 1948  0.00  34   0.0 1991   0.0  34    0. 1991  0.8  21  1.8  21
 8  5  88  21  95 1986  78 1973  44  20  52 1961  35 1962 0.027  34  0.51 1957  0.00  34   0.0 1991   0.0  34    0. 1991  0.8  20  2.0  20
 8  6  88  21  93 1989  78 1988  45  20  61 1971  32 1972 0.026  34  0.22 1986  0.00  34   0.0 1991   0.0  34    0. 1991  0.9  20  2.4  20
 8  7  89  21  94 1990  80 1974  42  20  53 1987  33 1972 0.059  34  0.58 1952  0.00  34   0.0 1991   0.0  34    0. 1991  0.9  20  0.9  20
 8  8  89  21  98 1990  81 1974  42  20  54 1986  34 1960 0.059  34  0.57 1948  0.00  34   0.0 1991   0.0  34    0. 1991  0.9  20  1.1  20
 8  9  88  21  94 1991  75 1974  42  20  58 1989  32 1985 0.018  34  0.25 1955  0.00  34   0.0 1991   0.0  34    0. 1991  1.2  20  1.0  20
 8 10  88  21  97 1972  75 1974  42  20  58 1989  29 1974 0.025  34  0.39 1967  0.00  34   0.0 1991   0.0  34    0. 1991  1.6  20  1.1  20
 8 11  88  22  95 1970  75 1989  42  21  56 1989  32 1974 0.027  34  0.19 1991  0.00  34   0.0 1991   0.0  34    0. 1991  1.3  21  1.1  21
 8 12  88  22  96 1972  76 1961  42  21  56 1991  31 1985 0.017  34  0.42 1986  0.00  34   0.0 1991   0.0  34    0. 1991  1.5  21  0.9  21
 8 13  88  22  96 1970  82 1987  42  21  52 1989  32 1985 0.039  34  0.59 1972  0.00  34   0.0 1991   0.0  34    0. 1991  1.4  21  1.1  21
 8 14  87  22  97 1971  70 1968  42  21  50 1989  32 1988 0.024  34  0.33 1989  0.00  34   0.0 1991   0.0  34    0. 1991  1.5  21  1.1  21
 8 15  86  22  94 1973  70 1990  44  20  54 1991  32 1974 0.046  34  0.38 1953  0.00  34   0.0 1991   0.0  34    0. 1991  1.6  20  1.1  20
 8 16  86  22  95 1970  72 1990  42  21  56 1984  33 1987 0.039  34  0.44 1969  0.00  34   0.0 1991   0.0  34    0. 1991  1.9  21  0.9  21
 8 17  87  22  97 1970  76 1960  40  21  53 1963  28 1968 0.056  34  0.48 1989  0.00  34   0.0 1991   0.0  34    0. 1991  2.4  21  0.5  21
 8 18  87  22  95 1986  78 1991  40  21  51 1984  30 1968 0.019  34  0.34 1956  0.00  34   0.0 1991   0.0  34    0. 1991  2.1  21  0.5  21
 8 19  86  22  94 1970  78 1990  43  21  57 1964  33 1960 0.038  34  0.48 1969  0.00  34   0.0 1991   0.0  34    0. 1991  1.9  21  0.8  21
 8 20  86  22  93 1970  68 1964  42  21  53 1988  33 1970 0.044  34  0.47 1951  0.00  34   0.0 1991   0.0  34    0. 1991  2.3  21  0.7  21
 8 21  84  22  94 1991  72 1964  39  21  56 1986  24 1974 0.045  33  0.77 1951  0.00  34   0.0 1991   0.0  34    0. 1991  3.8  21  0.4  21
 8 22  85  22  92 1991  76 1960  39  21  53 1986  25 1974 0.053  34  0.75 1952  0.00  34   0.0 1991   0.0  34    0. 1991  3.6  21  0.4  21
 8 23  84  22  94 1970  70 1968  37  21  52 1986  24 1966 0.034  34  0.79 1987  0.00  34   0.0 1991   0.0  34    0. 1991  5.1  21  0.6  21
 8 24  85  22  95 1988  70 1989  38  21  56 1991  24 1962 0.009  34  0.13 1955  0.00  34   0.0 1991   0.0  34    0. 1991  4.7  21  0.6  21
 8 25  84  21  95 1988  72 1987  39  20  58 1988  25 1962 0.057  34  0.38 1991  0.00  34   0.0 1991   0.0  34    0. 1991  5.0  20  1.1  20
 8 26  85  22  94 1985  76 1987  39  21  52 1991  28 1962 0.019  34  0.25 1952  0.00  34   0.0 1991   0.0  34    0. 1991  3.8  21  0.6  21
 8 27  84  21  92 1970  70 1964  40  20  54 1971  30 1966 0.014  34  0.42 1952  0.00  34   0.0 1991   0.0  34    0. 1991  3.7  20  0.6  20
 8 28  84  22  93 1967  76 1968  37  21  57 1971  26 1966 0.023  34  0.33 1972  0.00  34   0.0 1991   0.0  34    0. 1991  4.9  21  0.3  21
 8 29  84  22  95 1990  61 1961  38  21  56 1971  25 1960 0.042  34  0.68 1961  0.00  34   0.0 1991   0.0  34    0. 1991  4.0  21  0.1  21
 8 30  84  21  92 1991  72 1963  41  20  60 1990  23 1964 0.011  34  0.21 1986  0.00  34   0.0 1991   0.0  34    0. 1991  3.5  20  0.6  20
 8 31  82  21  94 1969  70 1966  38  21  49 1960  22 1962 0.054  34  0.63 1963  0.00  34   0.0 1991   0.0  34    0. 1991  5.3  21  0.1  21
 9  1  82  23  95 1969  60 1966  39  22  55 1991  21 1962 0.023  35  0.35 1966  0.00  35   0.0 1991   0.0  35    0. 1991  5.5  22  0.4  22
 9  2  81  23  92 1969  64 1966  39  22  57 1990  24 1962 0.019  35  0.29 1985  0.00  35   0.0 1991   0.0  35    0. 1991  5.7  22  0.5  22
 9  3  82  23  94 1969  60 1961  35  22  46 1960  19 1964 0.055  35  1.54 1954  0.00  35   0.0 1991   0.0  35    0. 1991  7.0  22  0.0  22
 9  4  82  23  92 1969  69 1961  36  22  55 1990  24 1964 0.019  35  0.29 1954  0.00  35   0.0 1991   0.0  35    0. 1991  6.3  22  0.3  22
 9  5  82  23  92 1967  68 1965  36  22  51 1990  25 1971 0.063  35  0.75 1963  0.00  35   0.0 1991   0.0  35    0. 1991  6.1  22  0.0  22
 9  6  81  23  90 1969  64 1965  38  22  54 1991  28 1964 0.056  35  0.59 1970  0.00  35   0.0 1991   0.0  35    0. 1991  6.1  22  0.1  22
 9  7  80  23  90 1990  62 1991  38  22  56 1991  28 1974 0.041  35  0.74 1991  0.00  35   0.0 1991   0.0  35    0. 1991  6.4  22  0.0  22
 9  8  80  23  88 1990  70 1989  37  22  50 1962  30 1964 0.028  35  0.28 1961  0.00  35   0.0 1991   0.0  35    0. 1991  6.8  22  0.0  22
 9  9  79  23  90 1988  59 1961  35  22  45 1991  17 1962 0.067  35  0.68 1961  0.00  35   0.0 1991   0.0  35    0. 1991  8.0  22  0.1  22
 9 10  79  23  92 1990  62 1985  36  22  48 1966  17 1962 0.015  35  0.39 1985  0.00  35   0.0 1991   0.0  35    0. 1991  7.7  22  0.1  22
 9 11  77  23  93 1990  65 1988  36  22  49 1984  25 1964 0.024  35  0.22 1985  0.00  35   0.0 1991   0.0  35    0. 1991  8.3  22  0.1  22
 9 12  77  23  94 1990  55 1988  34  22  49 1962  22 1968 0.030  35  0.58 1958  0.00  35   0.0 1991   0.0  35    0. 1991 10.0  22  0.0  22
 9 13  77  23  93 1990  55 1988  34  22  46 1960  20 1967 0.035  35  0.50 1954  0.00  35   0.0 1991   0.0  35    0. 1991  9.7  22  0.0  22
 9 14  76  23  94 1990  63 1988  31  22  39 1960  24 1989 0.020  35  0.37 1966  0.00  35   0.0 1991   0.0  35    0. 1991 11.7  22  0.0  22
 9 15  77  23  90 1990  64 1991  30  22  43 1990  23 1967 0.008  35  0.29 1959  0.00  35   0.0 1991   0.0  35    0. 1991 12.0  22  0.0  22
 9 16  76  23  84 1989  58 1965  32  22  57 1990  18 1970 0.023  35  0.48 1965  0.00  35   0.0 1991   0.0  35    0. 1991 11.6  22  0.1  22
 9 17  75  23  86 1966  51 1965  32  22  47 1961  19 1971 0.041  35  0.58 1961  0.23  35   8.0 1965   0.1  35    3. 1965 12.0  22  0.0  22
 9 18  74  22  86 1969  47 1965  32  21  49 1963  14 1971 0.066  35  0.70 1989  0.00  35   0.0 1991   0.0  35    0. 1991 12.4  21  0.0  21
 9 19  74  23  87 1966  45 1965  32  22  49 1972  16 1988 0.029  35  0.32 1972  0.06  35   2.0 1965   0.0  35    0. 1991 12.5  22  0.0  22
 9 20  73  23  88 1966  54 1965  31  22  50 1962  18 1965 0.036  35  0.59 1989  0.00  35   0.0 1991   0.0  35    0. 1991 13.2  22  0.0  22
 9 21  72  23  85 1966  55 1961  31  22  45 1984  19 1968 0.029  35  0.38 1984  0.00  35   0.0 1991   0.0  35    0. 1991 13.7  22  0.0  22
 9 22  73  23  85 1987  49 1961  28  22  40 1985  12 1968 0.012  35  0.37 1967  0.00  35   0.0 1991   0.0  35    0. 1991 15.0  22  0.0  22
 9 23  74  23  86 1987  56 1961  29  22  42 1986  14 1968 0.020  35  0.28 1954  0.00  35   0.0 1991   0.0  35    0. 1991 13.6  22  0.0  22
 9 24  74  22  87 1969  54 1970  29  21  44 1986  10 1968 0.030  35  0.31 1986  0.00  35   0.0 1991   0.0  35    0. 1991 13.6  21  0.0  21
 9 25  73  23  85 1989  50 1973  29  22  46 1967  13 1968 0.076  35  0.75 1986  0.00  35   0.0 1991   0.0  35    0. 1991 13.7  22  0.0  22
 9 26  74  23  85 1991  57 1973  30  22  48 1989  14 1970 0.003  35  0.09 1962  0.00  35   0.0 1991   0.0  35    0. 1991 12.7  22  0.0  22
 9 27  74  23  84 1963  60 1986  30  22  46 1989  18 1968 0.010  35  0.18 1986  0.00  35   0.0 1991   0.0  35    0. 1991 13.0  22  0.0  22
 9 28  73  23  85 1989  61 1986  31  22  49 1991  15 1974 0.035  35  0.56 1953  0.00  35   0.0 1991   0.0  35    0. 1991 13.3  22  0.0  22
 9 29  72  23  85 1989  45 1965  28  22  47 1991  13 1985 0.022  35  0.32 1968  0.00  35   0.0 1991   0.0  35    0. 1991 15.5  22  0.0  22
 9 30  73  23  83 1987  58 1971  27  22  46 1969  13 1985 0.008  35  0.14 1971  0.00  35   0.0 1991   0.0  35    0. 1991 15.6  22  0.0  22
10  1  72  23  82 1988  44 1971  28  23  46 1967  17 1985 0.027  35  0.57 1986  0.06  34   2.0 1971   0.0  34    0. 1991 15.0  23  0.0  23
10  2  72  23  84 1987  44 1971  29  23  42 1967  18 1961 0.051  35  0.59 1984  0.03  34   1.0 1971   0.0  34    0. 1991 15.0  23  0.0  23
10  3  71  23  83 1988  55 1966  27  23  40 1984  20 1961 0.009  35  0.17 1984  0.00  34   0.0 1991   0.0  34    0. 1991 16.0  23  0.0  23
10  4  71  23  84 1965  48 1969  28  23  48 1972  14 1973 0.020  35  0.22 1972  0.00  34   0.0 1991   0.0  34    0. 1991 16.0  23  0.0  23
10  5  71  23  80 1968  46 1969  28  23  50 1972  15 1969 0.041  35  0.56 1962  0.00  34   0.0 1991   0.0  34    0. 1991 16.0  23  0.0  23
10  6  71  22  81 1988  48 1969  28  22  42 1962  13 1969 0.020  35  0.41 1970  0.00  34   0.0 1991   0.0  34    0. 1991 15.8  22  0.0  22
10  7  69  22  81 1991  52 1969  28  22  45 1972  14 1969 0.045  35  0.93 1985  0.00  34   0.0 1991   0.0  34    0. 1991 16.7  22  0.0  22
10  8  69  23  83 1987  46 1970  28  23  47 1960  15 1969 0.029  35  0.35 1960  0.03  34   1.0 1961   0.0  34    0. 1991 16.8  23  0.0  23
10  9  68  23  80 1965  44 1970  29  23  40 1974  16 1969 0.054  35  0.74 1960  0.00  34   0.0 1991   0.0  34    0. 1991 16.7  23  0.0  23
10 10  69  23  83 1971  49 1973  29  23  43 1972  17 1990 0.045  35  0.45 1984  0.00  34   0.0 1991   0.0  34    0. 1991 16.4  23  0.0  23
10 11  68  23  81 1991  45 1960  28  23  40 1972  18 1964 0.021  35  0.33 1953  0.06  34   2.0 1960   0.0  34    0. 1991 17.0  23  0.0  23
10 12  68  23  79 1991  52 1986  28  23  49 1963  17 1986 0.027  35  0.48 1988  0.00  34   0.0 1991   0.0  34    0. 1991 17.4  23  0.0  23
10 13  65  23  78 1989  45 1960  27  23  45 1987  15 1986 0.039  35  0.97 1966  0.09  34   3.0 1966   0.0  33    0. 1991 19.0  23  0.0  23
10 14  66  23  77 1989  47 1960  26  23  39 1987  17 1986 0.010  35  0.13 1987  0.00  34   0.0 1991   0.0  33    0. 1991 19.4  23  0.0  23
10 15  66  23  81 1991  49 1962  25  23  43 1972  15 1969 0.039  35  0.38 1972  0.10  34   3.5 1984   0.1  34    3. 1984 19.6  23  0.0  23
10 16  65  23  82 1991  45 1984  26  23  38 1990  12 1970 0.029  35  0.44 1969  0.00  34   0.0 1991   0.1  34    2. 1984 19.7  23  0.0  23
10 17  64  23  78 1991  39 1984  25  23  40 1966  12 1970 0.037  35  0.63 1984  0.21  34   7.2 1984   0.2  34    8. 1984 20.7  23  0.0  23
10 18  64  23  78 1973  38 1984  24  23  40 1972  10 1964 0.038  35  0.52 1949  0.09  34   3.0 1969   0.2  34    7. 1984 21.0  23  0.0  23
10 19  63  23  78 1973  39 1984  25  23  41 1963  12 1964 0.057  35  0.83 1990  0.01  34   0.5 1949   0.2  34    6. 1984 21.4  23  0.0  23
10 20  64  23  77 1973  38 1984  24  23  40 1963  13 1964 0.037  35  0.68 1972  0.00  34   0.0 1991   0.1  34    4. 1984 21.0  23  0.0  23
10 21  63  23  77 1973  41 1984  25  23  53 1961  14 1964 0.013  35  0.26 1989  0.03  34   1.0 1951   0.1  34    3. 1984 21.3  23  0.0  23
10 22  63  23  79 1987  42 1984  24  23  38 1989  14 1984 0.004  35  0.09 1970  0.03  34   1.0 1961   0.1  34    2. 1984 21.7  23  0.0  23
10 23  62  23  72 1988  44 1984  23  23  38 1974  11 1961 0.051  35  0.48 1963  0.00  34   0.0 1991   0.0  34    1. 1984 22.7  23  0.0  23
10 24  62  22  73 1990  42 1984  24  22  37 1974  12 1964 0.047  35  0.52 1971  0.09  34   2.0 1972   0.0  33    0. 1991 22.5  22  0.0  22
10 25  63  21  74 1990  38 1970  22  22  37 1963   9 1964 0.043  35  0.94 1954  0.09  34   3.0 1954   0.1  34    2. 1954 22.4  21  0.0  21
10 26  63  23  76 1990  40 1970  22  22  32 1989  14 1962 0.031  35  0.58 1951  0.09  34   2.0 1951   0.1  34    2. 1951 22.5  22  0.0  22
10 27  63  23  76 1965  38 1970  22  23  34 1971  10 1973 0.059  35  0.39 1974  0.09  33   2.0 1970   0.1  34    4. 1984 22.7  23  0.0  23
10 28  61  23  76 1965  38 1991  21  23  34 1987   7 1970 0.063  35  0.62 1959  0.26  34   4.0 1961   0.2  34    3. 1984 24.0  23  0.0  23
10 29  57  23  72 1990  28 1991  22  23  38 1987  10 1991 0.037  35  0.37 1972  0.38  34   4.0 1969   0.3  33    3. 1971 25.5  23  0.0  23
10 30  57  23  73 1965  32 1972  20  23  39 1987   4 1971 0.015  35  0.35 1987  0.00  34   0.0 1991   0.1  33    2. 1971 27.0  23  0.0  23
10 31  56  23  75 1965  35 1991  22  23  33 1973   5 1991 0.033  35  0.32 1974  0.09  34   3.0 1971   0.1  33    4. 1971 26.6  23  0.0  23
11  1  55  23  71 1988  38 1991  20  23  37 1990   2 1971 0.008  34  0.19 1990  0.00  34   0.0 1991   0.0  33    0. 1991 28.0  23  0.0  23
11  2  54  22  71 1965  36 1990  22  22  39 1988   8 1989 0.026  35  0.22 1991  0.06  35   2.0 1961   0.0  34    1. 1961 27.5  22  0.0  22
11  3  55  23  70 1965  35 1991  20  23  43 1988  -3 1991 0.037  35  0.84 1973  0.31  35  10.0 1973   0.3  34   10. 1973 27.7  23  0.0  23
11  4  55  22  67 1985  38 1973  21  22  33 1968   4 1973 0.021  35  0.26 1963  0.14  35   3.0 1948   0.3  35    5. 1973 27.3  22  0.0  22
11  5  54  23  69 1965  40 1973  22  23  36 1985   6 1967 0.047  35  0.42 1972  0.06  35   2.0 1959   0.0  33    1. 1959 27.1  23  0.0  23
11  6  55  22  70 1965  37 1990  22  22  42 1991   8 1971 0.013  35  0.25 1953  0.00  35   0.0 1991   0.0  33    0. 1991 26.9  22  0.0  22
11  7  53  23  70 1965  41 1990  23  23  40 1991   7 1967 0.043  35  0.48 1963  0.06  35   2.0 1963   0.0  32    0. 1991 27.4  23  0.0  23
11  8  54  23  70 1967  41 1960  24  23  36 1985  10 1962 0.064  35  0.90 1966  0.29  35   4.0 1986   0.2  33    4. 1986 26.5  23  0.0  23
11  9  55  23  71 1973  38 1984  20  23  34 1963   2 1986 0.013  35  0.24 1984  0.09  35   2.0 1985   0.1  32    2. 1986 27.8  23  0.0  23
11 10  53  23  71 1967  35 1985  20  23  41 1991   5 1986 0.008  35  0.14 1966  0.09  35   2.0 1949   0.2  33    2. 1966 28.5  23  0.0  23
11 11  54  21  70 1973  43 1984  22  23  34 1968   9 1967 0.039  35  0.52 1949  0.09  35   3.0 1964   0.0  33    1. 1964 27.1  21  0.0  21
11 12  54  22  72 1967  35 1961  21  22  32 1973  10 1962 0.066  35  0.90 1985  0.37  35  10.0 1985   0.3  33    8. 1985 28.1  22  0.0  22
11 13  52  22  70 1967  31 1987  19  22  31 1971  -1 1985 0.052  35  0.59 1964  0.26  35   4.0 1964   0.4  33    6. 1985 30.0  21  0.0  21
11 14  51  23  70 1990  32 1964  21  22  34 1965   9 1961 0.105  35  1.33 1955  0.53  35   3.0 1988   0.9  34    6. 1985 29.1  22  0.0  22
11 15  47  23  71 1967  22 1964  19  23  33 1962  -6 1964 0.014  35  0.29 1952  0.14  35   3.0 1952   0.5  32    4. 1985 32.2  23  0.0  23
11 16  48  23  68 1967  34 1971  20  23  32 1965   8 1987 0.055  35  0.39 1963  0.37  35   3.0 1985   0.5  30    5. 1985 31.3  23  0.0  23
11 17  47  23  65 1967  32 1985  20  23  38 1965  -5 1964 0.058  35  0.79 1965  0.55  35   6.0 1955   0.8  32    6. 1985 32.0  23  0.0  23
11 18  43  22  64 1967  25 1985  16  22  34 1965  -5 1985 0.075  35  1.17 1972  0.43  35   7.0 1972   0.8  30    7. 1985 35.7  22  0.0  22
11 19  45  23  65 1989  31 1964  14  23  35 1986  -7 1969 0.035  35  0.64 1950  0.09  35   1.0 1988   0.6  30    6. 1985 35.6  23  0.0  23
11 20  47  22  69 1989  32 1964  15  22  32 1965  -3 1988 0.041  35  0.48 1948  0.47  35   7.0 1948   1.0  31    7. 1948 34.2  22  0.0  22
11 21  46  23  60 1989  32 1964  16  23  31 1967   3 1964 0.074  35  0.58 1967  0.40  35   5.0 1951   1.2  31    8. 1961 34.4  23  0.0  23
11 22  45  23  59 1962  29 1972  13  23  34 1970  -5 1973 0.011  35  0.12 1974  0.03  34   1.0 1953   0.6  27    4. 1985 36.1  23  0.0  23
11 23  46  23  60 1989  30 1972  15  23  31 1970  -5 1972 0.037  35  0.55 1965  0.30  35   4.0 1951   0.9  28    8. 1951 34.7  23  0.0  23
11 24  48  23  68 1970  30 1973  17  23  36 1970  -5 1972 0.010  35  0.22 1985  0.00  35   0.0 1991   0.4  30    3. 1985 32.4  23  0.0  23
11 25  46  23  62 1990  27 1973  18  23  40 1970   2 1973 0.056  35  0.68 1965  0.31  34   5.0 1988   0.7  31    6. 1988 33.4  23  0.0  23
11 26  46  23  57 1991  30 1973  18  23  32 1991  -9 1988 0.063  35  0.97 1989  0.37  35   6.0 1984   0.7  32    5. 1988 33.6  23  0.0  23
11 27  42  24  54 1962  30 1984  15  24  28 1971  -6 1984 0.051  34  0.39 1971  0.51  35   4.0 1960   0.8  30    7. 1988 37.0  24  0.0  24
11 28  40  24  58 1966  28 1972  12  24  35 1970  -3 1972 0.049  35  0.70 1967  0.41  34   6.0 1967   1.0  29    6. 1988 39.2  24  0.0  24
11 29  40  24  57 1966  25 1988  10  24  29 1986  -3 1960 0.023  35  0.56 1985  0.31  35   4.0 1986   0.8  26    6. 1988 40.3  24  0.0  24
11 30  43  24  55 1969  28 1991  12  24  29 1970  -1 1988 0.035  34  0.77 1967  0.29  35   5.0 1967   1.0  27   10. 1967 37.9  24  0.0  24
12  1  42  23  54 1986  28 1991  11  23  27 1964  -3 1991 0.014  35  0.19 1951  0.17  35   4.0 1951   1.2  29   10. 1967 38.4  23  0.0  23
12  2  42  24  59 1962  24 1967  12  24  30 1964  -1 1968 0.073  35  0.97 1952  0.80  35  10.0 1952   1.9  30   12. 1952 38.0  24  0.0  24
12  3  43  24  58 1987  31 1971  15  24  34 1966  -1 1968 0.069  35  0.70 1966  0.80  35   8.0 1971   2.0  27   16. 1951 36.7  24  0.0  24
12  4  40  24  53 1965  20 1983  11  24  30 1974 -10 1971 0.060  35  0.71 1954  0.77  35   9.0 1983   2.0  27   19. 1951 40.0  24  0.0  24
12  5  40  23  55 1965  20 1972   9  23  30 1987 -13 1972 0.061  35  0.59 1966  0.61  35   6.5 1953   1.7  28   11. 1967 40.8  23  0.0  23
12  6  41  24  55 1965  25 1960  11  24  31 1986  -9 1972 0.048  35  1.17 1966  0.47  35  14.0 1966   2.0  26   14. 1966 39.6  24  0.0  24
12  7  39  24  55 1965  27 1972  11  24  29 1986  -4 1983 0.076  35  1.04 1966  0.40  35   3.0 1974   2.1  28   10. 1966 40.0  24  0.0  24
12  8  40  24  60 1970  19 1971  12  24  29 1970 -18 1971 0.035  35  0.39 1972  0.63  35   6.0 1966   2.4  26   15. 1966 39.2  24  0.0  24
12  9  38  24  58 1990  20 1972   9  24  28 1989 -18 1967 0.036  35  0.35 1963  0.43  35   7.0 1963   2.9  27   14. 1966 42.0  24  0.0  24
12 10  36  24  60 1990   7 1972   7  24  24 1970 -31 1972 0.038  34  0.36 1969  0.40  35   4.0 1963   3.2  24   14. 1966 43.9  24  0.0  24
12 11  35  24  51 1990  11 1972   7  24  24 1965 -23 1961 0.037  35  0.57 1956  0.26  35   3.0 1989   3.2  24   12. 1972 44.4  24  0.0  24
12 12  35  24  53 1969  11 1972   3  24  24 1990 -25 1972 0.024  35  0.32 1984  0.11  35   3.0 1971   3.6  25   15. 1951 46.1  24  0.0  24
12 13  34  24  55 1969  14 1967   4  23  22 1991 -14 1968 0.029  35  0.21 1974  0.57  35   5.0 1983   3.9  24   15. 1951 45.6  23  0.0  23
12 14  35  24  55 1969  13 1972   3  24  21 1965 -20 1972 0.023  35  0.33 1990  0.39  35   5.0 1983   3.3  23   13. 1972 46.5  24  0.0  24
12 15  37  24  57 1969  14 1972   8  24  24 1963 -25 1972 0.020  35  0.19 1971  0.39  35   6.0 1983   3.3  22   13. 1972 42.6  24  0.0  24
12 16  38  24  58 1969  22 1983   6  24  28 1974 -17 1990 0.030  35  0.55 1957  0.43  35   4.0 1968   3.8  24   18. 1951 43.2  24  0.0  24
12 17  37  24  55 1969  23 1971   3  24  24 1970 -14 1990 0.067  35  0.90 1949  0.90  35  10.0 1949   4.4  25   19. 1951 45.3  24  0.0  24
12 18  37  24  56 1969  25 1971  10  24  28 1972 -11 1984 0.053  35  0.59 1949  0.83  35   8.0 1949   4.9  26   20. 1951 41.8  24  0.0  24
12 19  37  24  50 1969  23 1968  12  24  30 1962 -17 1970 0.070  35  1.04 1967  0.99  35  10.5 1967   5.6  25   22. 1967 40.9  24  0.0  24
12 20  37  24  55 1969  21 1968   9  24  30 1972  -8 1965 0.020  35  0.22 1972  0.40  35   5.0 1953   5.2  23   24. 1967 42.5  24  0.0  24
12 21  36  24  61 1969  13 1990   6  24  34 1964 -27 1990 0.038  35  0.39 1970  0.63  35   6.0 1970   5.4  24   23. 1967 44.1  24  0.0  24
12 22  33  23  47 1964   4 1990   7  23  30 1964 -22 1990 0.055  34  0.44 1948  0.70  35   5.0 1948   5.1  22   23. 1967 45.3  23  0.0  23
12 23  34  23  48 1989  -4 1990   6  23  31 1964 -35 1990 0.074  34  0.41 1955  0.63  35   4.0 1988   5.1  24   22. 1967 45.3  23  0.0  23
12 24  34  23  48 1964  10 1990   3  23  36 1964 -27 1990 0.049  34  0.64 1971  0.14  35   5.0 1949   5.1  23   23. 1949 46.8  23  0.0  23
12 25  33  23  50 1960  15 1990   4  23  34 1971 -19 1974 0.045  33  0.48 1971  0.12  34   2.0 1968   4.1  23   18. 1967 46.3  23  0.0  23
12 26  32  23  45 1991  19 1990   5  23  33 1967 -22 1987 0.069  33  0.52 1969  0.79  34   8.0 1988   4.7  24   20. 1988 46.3  23  0.0  23
12 27  33  23  47 1991  12 1988   2  23  34 1967 -25 1988 0.045  33  0.59 1964  0.35  34   5.0 1948   4.5  22   20. 1988 47.4  23  0.0  23
12 28  35  23  44 1965  11 1988   7  23  33 1967 -20 1988 0.087  34  1.05 1964  0.85  34  16.0 1964   4.9  23   18. 1988 44.2  23  0.0  23
12 29  33  22  50 1973  12 1988   5  22  25 1968 -22 1988 0.091  34  1.77 1951  0.83  35  12.0 1951   5.6  24   18. 1988 46.2  22  0.0  22
12 30  34  22  47 1986  15 1990   3  22  20 1967 -27 1990 0.061  34  0.55 1965  0.47  35   6.0 1985   6.3  23   20. 1951 46.8  22  0.0  22
12 31  32  23  45 1960  16 1990   1  22  20 1983 -15 1990 0.050  35  0.53 1959  0.76  35  11.0 1959   5.5  25   18. 1988 48.5  22  0.0  22